M1: 0.0683361174
M2: 0.1033688541
M3: 0.0001824892
M4: 0.0000149556
M5: 0.0000000005
M6: 0.0000039178
M7: -0.0246747573
M8: -0.0000209417
M9: -0.0000012041
W3: 8.8632445967
W4: 0.3056006552
Perimeter: 9585.0000000000
Area: 75151.0000000000
Perimeter/area ratio: 0.1275432130
Aspect ratio 0.7078260870