M1: 0.1055253688
M2: 0.0845228468
M3: 0.0003091998
M4: 0.0008667237
M5: -0.0000001192
M6: 0.0000313221
M7: -0.0183468108
M8: 0.0000696905
M9: 0.0000200673
W3: 2.5158782566
W4: 0.2883689541
Perimeter: 815.0000000000
Area: 4276.0000000000
Perimeter/area ratio: 0.1905986904
Aspect ratio 0.6216216216