M1: 0.3804985736
M2: 0.0039233506
M3: 0.0011075088
M4: 0.0002874840
M5: -0.0000000065
M6: 0.0000114968
M7: 0.0352139535
M8: -0.0001025031
M9: -0.0000109987
W3: 3.0204835833
W4: 0.3715179159
Perimeter: 564.0000000000
Area: 1566.0000000000
Perimeter/area ratio: 0.3601532567
Aspect ratio 0.9696969697