M1: 0.1151436390
M2: 1.3909374096
M3: 0.5194784066
M4: 0.4341520380
M5: 0.1785803435
M6: -0.4568100461
M7: -0.3444198380
M8: -0.0106657961
M9: 0.0102957652
W3: 0.0407835668
W4: 0.6717860376
Perimeter: 235.0000000000
Area: 4057.0000000000
Perimeter/area ratio: 0.0579245748
Aspect ratio 0.8205128205