M1: 0.0807098532
M2: 0.0435373922
M3: 0.0001851845
M4: 0.0000562038
M5: 0.0000000056
M6: -0.0000067568
M7: -0.0092558280
M8: -0.0000161226
M9: -0.0000020444
W3: 2.4578211192
W4: 0.1852321611
Perimeter: 712.0000000000
Area: 3374.0000000000
Perimeter/area ratio: 0.2110254890
Aspect ratio 0.7290322581