M1: 0.1372863033
M2: 0.1612179872
M3: 0.0015832264
M4: 0.0000111965
M5: -0.0000000000
M6: 0.0000017911
M7: -0.0355926145
M8: -0.0001965037
M9: -0.0000351290
W3: 3.1902588878
W4: 0.4692122901
Perimeter: 633.0000000000
Area: 1816.0000000000
Perimeter/area ratio: 0.3485682819
Aspect ratio 0.7605633803