M1: 0.8689062063
M2: 0.0035951652
M3: 0.0535857293
M4: 0.0699661832
M5: 0.0020289435
M6: -0.0035458056
M7: 0.1878507075
M8: 0.0020475567
M9: 0.0023672345
W3: 0.5168017780
W4: 0.7230814124
Perimeter: 272.0000000000
Area: 2559.0000000000
Perimeter/area ratio: 0.1062915201
Aspect ratio 0.8437500000