M1: -0.4984478123
M2: 4.5476896099
M3: 0.0418438607
M4: 0.0030093609
M5: 0.0000006513
M6: -0.0063356927
M7: -1.0748098471
M8: -0.0048543125
M9: -0.0040401513
W3: 0.3303631120
W4: 0.5707133302
Perimeter: 253.0000000000
Area: 2878.0000000000
Perimeter/area ratio: 0.0879082696
Aspect ratio 0.5217391304