M1: -0.2122670315
M2: 0.7328201817
M3: 0.0029035523
M4: 0.0010987089
M5: -0.0000004793
M6: -0.0007100267
M7: -0.1719407223
M8: -0.0002256054
M9: 0.0003153581
W3: 2.3552411724
W4: 0.3644137810
Perimeter: 621.0000000000
Area: 2726.0000000000
Perimeter/area ratio: 0.2278063096
Aspect ratio 0.5175438596