M1: -0.1173624278
M2: 0.5422968120
M3: 0.0004604136
M4: 0.0003107855
M5: 0.0000000230
M6: 0.0000682116
M7: -0.1321307181
M8: -0.0000187035
M9: 0.0000194698
W3: 3.9446744455
W4: 0.3899680905
Perimeter: 941.0000000000
Area: 2882.0000000000
Perimeter/area ratio: 0.3265093685
Aspect ratio 0.5779816514