M1: 0.0658489540
M2: 0.1056379330
M3: 0.0001856994
M4: 0.0000108344
M5: 0.0000000003
M6: 0.0000026964
M7: -0.0253254621
M8: -0.0000218581
M9: -0.0000015071
W3: 8.4520818468
W4: 0.3065707643
Perimeter: 4581.0000000000
Area: 18692.0000000000
Perimeter/area ratio: 0.2450781083
Aspect ratio 0.7073170732