M1: 0.0664001389
M2: 0.3319312910
M3: 0.0021086423
M4: 0.0000841924
M5: 0.0000000185
M6: 0.0000413859
M7: -0.0818805781
M8: -0.0002530562
M9: -0.0000478549
W3: 2.6529333202
W4: 0.4777536138
Perimeter: 417.0000000000
Area: 1037.0000000000
Perimeter/area ratio: 0.4021215043
Aspect ratio 0.6785714286