M1: 1.0903022548
M2: 0.1371444510
M3: 0.0016558337
M4: 0.0518852623
M5: -0.0002174628
M6: 0.0172744840
M7: 0.2629036390
M8: 0.0062786786
M9: -0.0002036342
W3: 1.5826194512
W4: 0.7723670750
Perimeter: 588.0000000000
Area: 4125.0000000000
Perimeter/area ratio: 0.1425454545
Aspect ratio 0.9078947368