M1: -0.1355594056
M2: 0.4538828247
M3: 0.0005972176
M4: 0.0003289268
M5: 0.0000001458
M6: 0.0001597381
M7: -0.1088766181
M8: -0.0000335364
M9: 0.0000174738
W3: 1.2145975654
W4: 0.3419375694
Perimeter: 418.0000000000
Area: 2835.0000000000
Perimeter/area ratio: 0.1474426808
Aspect ratio 0.5964912281