M1: -0.1654467517
M2: 0.5638596788
M3: 0.0001222807
M4: 0.0000303222
M5: 0.0000000016
M6: 0.0000212539
M7: -0.1341217628
M8: -0.0000114948
M9: 0.0000015001
W3: 5.2202446328
W4: 0.3442206964
Perimeter: 1143.0000000000
Area: 2687.0000000000
Perimeter/area ratio: 0.4253814663
Aspect ratio 0.5391304348