M1: 0.0624684773
M2: 0.0621170146
M3: 0.0001868510
M4: 0.0000500194
M5: 0.0000000046
M6: 0.0000116623
M7: -0.0145536760
M8: -0.0000171040
M9: 0.0000007320
W3: 1.1569622436
W4: 0.2222799414
Perimeter: 104.0000000000
Area: 185.0000000000
Perimeter/area ratio: 0.5621621622
Aspect ratio 0.7352941176