M1: 0.7588998868
M2: 0.0056580582
M3: 0.0005927208
M4: 0.0140606346
M5: -0.0000271310
M6: -0.0005608303
M7: 0.1425677450
M8: 0.0016834892
M9: 0.0001877314
W3: 0.3718264909
W4: 0.5944905830
Perimeter: 111.0000000000
Area: 521.0000000000
Perimeter/area ratio: 0.2130518234
Aspect ratio 1.0000000000