M1: 0.0218669599
M2: 0.1495387305
M3: 0.0001405982
M4: 0.0000153262
M5: 0.0000000004
M6: 0.0000012660
M7: -0.0372651416
M8: -0.0000156590
M9: -0.0000029876
W3: 8.1589855638
W4: 0.3185881312
Perimeter: 3262.0000000000
Area: 10094.0000000000
Perimeter/area ratio: 0.3231622746
Aspect ratio 0.6857142857