M1: 0.0177633733
M2: 0.1492725477
M3: 0.0000754572
M4: 0.0000713860
M5: -0.0000000039
M6: 0.0000275740
M7: -0.0372392526
M8: -0.0000005089
M9: -0.0000039456
W3: 7.2312891432
W4: 0.3536764427
Perimeter: 2528.0000000000
Area: 7506.0000000000
Perimeter/area ratio: 0.3367972289
Aspect ratio 0.7261904762