M1: 0.5023034500
M2: 0.2585780298
M3: 0.0218167784
M4: 0.0346730850
M5: 0.0006340666
M6: 0.0119957652
M7: -0.0015673185
M8: 0.0016070383
M9: 0.0006561863
W3: 0.4628100110
W4: 0.5587035874
Perimeter: 137.0000000000
Area: 698.0000000000
Perimeter/area ratio: 0.1962750716
Aspect ratio 0.6511627907