M1: 0.0641435081
M2: 0.1032068860
M3: 0.0001764906
M4: 0.0000092425
M5: -0.0000000003
M6: 0.0000025792
M7: -0.0247731241
M8: -0.0000209060
M9: -0.0000036758
W3: 7.8104282025
W4: 0.3248401599
Perimeter: 2872.0000000000
Area: 8456.0000000000
Perimeter/area ratio: 0.3396404920
Aspect ratio 0.7258064516