M1: 0.2851221727
M2: 0.5175098790
M3: 0.0071545537
M4: 0.0106194055
M5: 0.0000645022
M6: 0.0058106032
M7: -0.1090538064
M8: 0.0004331065
M9: 0.0001990712
W3: 0.8415082245
W4: 0.5419203582
Perimeter: 217.0000000000
Area: 1105.0000000000
Perimeter/area ratio: 0.1963800905
Aspect ratio 0.6250000000