M1: 1.0243707739
M2: 0.0415770329
M3: 0.1336816364
M4: 0.0123260518
M5: -0.0003862079
M6: -0.0022575884
M7: 0.2519396124
M8: -0.0151694481
M9: -0.0026719103
W3: -0.0995449969
W4: 0.7761290688
Perimeter: 64.0000000000
Area: 402.0000000000
Perimeter/area ratio: 0.1592039801
Aspect ratio 0.8800000000