M1: -0.2743317388
M2: 1.9383915592
M3: 0.0188455727
M4: 0.0072377650
M5: 0.0000485009
M6: -0.0008670523
M7: -0.4657834141
M8: -0.0014509760
M9: 0.0031051781
W3: 0.5645913477
W4: 0.4690930016
Perimeter: 117.0000000000
Area: 445.0000000000
Perimeter/area ratio: 0.2629213483
Aspect ratio 0.4651162791