M1: -0.0809030386
M2: 0.8048634865
M3: 0.0035768322
M4: 0.0036227101
M5: 0.0000117570
M6: 0.0024433084
M7: -0.1995795462
M8: 0.0000057347
M9: 0.0002140905
W3: 1.7690878354
W4: 0.4740403360
Perimeter: 230.0000000000
Area: 549.0000000000
Perimeter/area ratio: 0.4189435337
Aspect ratio 0.5681818182