M1: 0.2770789818
M2: 0.3206679962
M3: 0.0157748054
M4: 0.0007532834
M5: 0.0000025282
M6: 0.0004216443
M7: -0.0609738085
M8: -0.0018776903
M9: -0.0002909860
W3: 1.1237554956
W4: 0.5921060964
Perimeter: 138.0000000000
Area: 336.0000000000
Perimeter/area ratio: 0.4107142857
Aspect ratio 0.7500000000