M1: 0.0757032615
M2: 0.2172975396
M3: 0.0010964081
M4: 0.0033077165
M5: 0.0000019142
M6: 0.0008469074
M7: -0.0528916389
M8: 0.0002764135
M9: 0.0000592784
W3: 0.6703679873
W4: 0.3486871518
Perimeter: 158.0000000000
Area: 712.0000000000
Perimeter/area ratio: 0.2219101124
Aspect ratio 0.5254237288