M1: -0.2785191334
M2: 0.8673001068
M3: 0.0012185543
M4: 0.0000423591
M5: -0.0000000003
M6: -0.0000239407
M7: -0.1974317998
M8: -0.0001470244
M9: 0.0000291970
W3: 1.1546785516
W4: 0.2747412271
Perimeter: 173.0000000000
Area: 513.0000000000
Perimeter/area ratio: 0.3372319688
Aspect ratio 0.4193548387