M1: -0.2848304519
M2: 3.7188224749
M3: 0.0771405282
M4: 0.0191828937
M5: -0.0000389011
M6: 0.0208055827
M7: -0.9094235222
M8: -0.0072447043
M9: -0.0038082577
W3: -0.0309017765
W4: 0.5755335826
Perimeter: 74.0000000000
Area: 464.0000000000
Perimeter/area ratio: 0.1594827586
Aspect ratio 0.5555555556