M1: -0.2987330101
M2: 2.7601513637
M3: 0.8229510394
M4: 0.3233732700
M5: 0.1554315157
M6: -0.4388011026
M7: -0.6677274881
M8: -0.0624472212
M9: -0.0330794362
W3: -0.3084127686
W4: 0.6230463004
Perimeter: 76.0000000000
Area: 961.0000000000
Perimeter/area ratio: 0.0790842872
Aspect ratio 0.8421052632