M1: -1.0526930206
M2: 6.6286263140
M3: 0.0016071790
M4: 0.0010150648
M5: 0.0000012933
M6: 0.0013151130
M7: -1.3801159296
M8: -0.0000740143
M9: -0.0018166649
W3: -0.5222176341
W4: 0.5919847578
Perimeter: 41.0000000000
Area: 586.0000000000
Perimeter/area ratio: 0.0699658703
Aspect ratio 0.8333333333