M1: -0.9687005363
M2: 6.5961955970
M3: 0.2588417730
M4: 0.1599557189
M5: 0.0325442784
M6: 0.3990476333
M7: -1.4144537170
M8: -0.0123607568
M9: 0.0137363450
W3: 0.6278378898
W4: 0.5539520651
Perimeter: 180.0000000000
Area: 973.0000000000
Perimeter/area ratio: 0.1849948613
Aspect ratio 0.4736842105