M1: 0.1485802205
M2: 0.0787411624
M3: 0.0003447042
M4: 0.0009358149
M5: -0.0000002800
M6: 0.0002215930
M7: -0.0141662701
M8: 0.0000738888
M9: -0.0000289199
W3: 2.4583780901
W4: 0.4814921175
Perimeter: 306.0000000000
Area: 623.0000000000
Perimeter/area ratio: 0.4911717496
Aspect ratio 0.8717948718