M1: 0.1976137689
M2: 1.5171982513
M3: 0.1613191888
M4: 0.1933107617
M5: 0.0282486585
M6: 0.1826307072
M7: -0.3695367624
M8: 0.0039989466
M9: 0.0076112872
W3: 1.0455950858
W4: 0.7064449078
Perimeter: 315.0000000000
Area: 1887.0000000000
Perimeter/area ratio: 0.1669316375
Aspect ratio 0.8214285714