M1: -1.7065220776
M2: 23.0921370126
M3: 0.5214946831
M4: 1.2172275352
M5: 0.9456910531
M6: 5.7759909354
M7: -5.0449798528
M8: 0.0869666065
M9: -0.0921316184
W3: 0.2637846671
W4: 0.6238175973
Perimeter: 112.0000000000
Area: 625.0000000000
Perimeter/area ratio: 0.1792000000
Aspect ratio 0.4222222222