M1: -0.3029026395
M2: 0.7655417594
M3: 0.0040385691
M4: 0.0088989199
M5: 0.0000514892
M6: 0.0036933164
M7: -0.1684479376
M8: 0.0006075439
M9: 0.0002980468
W3: 0.6839987272
W4: 0.4227189362
Perimeter: 140.0000000000
Area: 550.0000000000
Perimeter/area ratio: 0.2545454545
Aspect ratio 0.6744186047