M1: -0.2362664792
M2: 0.4606211926
M3: 0.0007085624
M4: 0.0046061036
M5: 0.0000082935
M6: 0.0012980521
M7: -0.1011998358
M8: 0.0004871927
M9: 0.0000622066
W3: 2.1540299555
W4: 0.4085498017
Perimeter: 512.0000000000
Area: 2097.0000000000
Perimeter/area ratio: 0.2441583214
Aspect ratio 0.7407407407